0.98	0.13	0.08	0.11	-1119	6003	-11259	16
0.98	0.12	0.08	0.11	-1756	7619	-10625	53
0.99	0.10	0.05	0.09	-2179	8303	-8867	84
0.99	0.07	0.02	0.07	-2284	7777	-6116	114
1.00	0.05	-0.02	0.05	-1692	6364	-3089	145
1.00	0.02	-0.07	0.03	-988	4183	-174	176
0.99	0.00	-0.11	0.01	43	1601	2170	206
0.99	-0.01	-0.13	0.00	1527	-1118	3837	237
0.99	-0.02	-0.15	-0.00	3122	-3770	4654	268
0.99	-0.02	-0.14	0.00	4471	-6064	4631	299
0.99	-0.00	-0.12	0.01	5624	-7645	3678	329
0.99	-0.00	-0.12	0.01	5624	-7645	3678	358
0.95	0.24	0.16	0.10	-53	2229	-10662	389
0.97	0.20	0.12	0.08	-845	2685	-5806	422
0.99	0.15	0.05	0.05	-2098	2595	-2364	453
1.00	0.09	-0.03	0.02	-2740	2785	292	484
0.99	0.04	-0.11	-0.00	-2561	2520	2512	515
0.98	0.01	-0.17	-0.01	-997	1202	2598	545
0.98	0.01	-0.18	-0.01	1733	-918	3745	576
0.99	0.04	-0.15	-0.01	4308	-3423	4498	607
0.99	0.08	-0.12	0.00	6105	-5715	4153	638
0.99	0.12	-0.08	0.02	6632	-6788	2387	668
0.99	0.16	-0.03	0.03	6116	-6748	-747	699
0.99	0.16	-0.03	0.03	6116	-6748	-747	728
0.98	0.20	-0.04	0.02	3531	-4200	1024	758
0.97	0.24	0.00	0.02	3671	-4708	52	792
0.96	0.27	0.05	0.04	3425	-4859	-1432	823
0.95	0.30	0.09	0.05	2801	-4382	-3787	854
0.94	0.32	0.12	0.07	1940	-3458	-6278	884
0.94	0.31	0.14	0.08	1105	-2287	-7024	915
0.95	0.28	0.13	0.08	185	-986	-5725	946
0.96	0.24	0.09	0.08	-798	537	-3191	976
0.98	0.19	0.04	0.07	-1852	2143	-489	1007
0.99	0.14	-0.01	0.05	-2738	3513	1681	1038
0.99	0.11	-0.06	0.04	-2895	3847	3342	1069
0.99	0.11	-0.06	0.04	-2895	3847	3342	1097
0.99	0.16	-0.00	0.04	-614	570	-517	1128
0.99	0.15	-0.02	0.04	-658	913	-111	1162
0.99	0.13	-0.04	0.04	-653	1083	339	1193
0.99	0.12	-0.05	0.03	-503	1004	573	1223
0.99	0.12	-0.05	0.03	-246	680	629	1254
0.99	0.12	-0.05	0.03	67	227	584	1284
0.99	0.12	-0.04	0.03	339	-241	558	1314
0.99	0.13	-0.03	0.03	563	-642	553	1345
0.99	0.14	-0.03	0.03	709	-928	558	1376
0.99	0.15	-0.02	0.03	760	-1020	516	1407
0.99	0.15	-0.02	0.03	760	-1020	516	1446
0.99	0.15	-0.02	0.03	760	-1020	516	1476
0.99	0.14	-0.01	0.06	-195	371	249	1507
0.99	0.14	-0.01	0.06	-191	416	246	1537
0.99	0.13	-0.01	0.06	-193	471	279	1570
0.99	0.13	-0.01	0.06	-231	503	481	1601
0.99	0.12	-0.01	0.06	-268	561	769	1631
0.99	0.12	-0.01	0.06	-337	649	1119	1662
0.99	0.11	-0.02	0.06	-428	740	1435	1692
0.99	0.11	-0.02	0.07	-503	825	1919	1723
0.99	0.10	-0.02	0.07	-566	869	2481	1754
0.99	0.10	-0.02	0.07	-593	881	2710	1783
0.99	0.10	-0.02	0.07	-557	868	2524	1814
0.99	0.10	-0.02	0.07	-557	868	2524	1844
1.00	0.05	-0.03	0.04	-16	-138	-88	1873
1.00	0.05	-0.03	0.04	-9	-124	-191	1904
1.00	0.04	-0.03	0.04	-24	-104	-208	1938
1.00	0.04	-0.03	0.04	-42	-73	-233	1968
1.00	0.04	-0.04	0.04	-67	-24	-277	1998
1.00	0.04	-0.04	0.04	-100	33	-346	2029
1.00	0.03	-0.04	0.04	-136	74	-401	2060
1.00	0.03	-0.04	0.04	-151	59	-426	2091
1.00	0.03	-0.04	0.04	-124	16	-452	2121
1.00	0.02	-0.04	0.04	-84	-11	-441	2151
1.00	0.02	-0.04	0.04	-42	-34	-422	2182
1.00	0.02	-0.04	0.04	-42	-34	-422	2210
1.00	0.02	-0.04	0.04	-73	116	-133	2241
1.00	0.02	-0.04	0.04	-49	92	-116	2272
1.00	0.02	-0.04	0.04	-32	25	-60	2303
1.00	0.02	-0.04	0.04	-13	-24	-39	2335
1.00	0.02	-0.04	0.04	-10	-65	-43	2366
1.00	0.02	-0.04	0.04	-7	-98	-34	2397
1.00	0.02	-0.05	0.04	-8	-136	-33	2427
1.00	0.02	-0.05	0.04	3	-132	-41	2457
1.00	0.02	-0.05	0.04	26	-123	-36	2488
1.00	0.02	-0.05	0.04	34	-110	-31	2519
1.00	0.02	-0.05	0.04	46	-88	-48	2549
1.00	0.02	-0.05	0.04	46	-88	-48	2578
1.00	0.05	-0.04	0.03	58	-55	-27	2609
1.00	0.05	-0.04	0.03	57	-25	102	2638
1.00	0.05	-0.04	0.03	54	-13	259	2669
1.00	0.05	-0.03	0.03	53	9	374	2700
1.00	0.05	-0.03	0.03	51	19	417	2731
1.00	0.05	-0.03	0.03	58	16	418	2763
1.00	0.05	-0.03	0.03	79	-6	363	2794
1.00	0.06	-0.03	0.03	68	-40	287	2825
1.00	0.06	-0.03	0.03	58	-101	109	2855
1.00	0.06	-0.03	0.03	62	-115	-58	2886
1.00	0.06	-0.03	0.03	70	-139	-216	2917
1.00	0.06	-0.03	0.03	70	-139	-216	2946
1.00	0.08	0.01	-0.01	122	174	707	2976
1.00	0.08	0.01	-0.01	135	250	742	3006
1.00	0.08	0.00	-0.00	49	328	724	3037
1.00	0.07	0.00	-0.00	-46	327	544	3067
1.00	0.07	0.00	-0.00	-109	351	334	3098
1.00	0.07	0.00	-0.00	-112	347	155	3129
1.00	0.07	0.00	-0.00	-70	319	86	3162
1.00	0.07	0.00	-0.00	-28	256	70	3192
1.00	0.07	0.00	-0.00	11	177	121	3223
1.00	0.07	0.00	-0.00	31	99	173	3254
1.00	0.06	0.00	-0.00	41	52	192	3285
1.00	0.06	0.00	-0.00	41	52	192	3313
1.00	0.06	0.00	-0.00	54	22	155	3344
1.00	0.06	0.00	-0.00	54	31	152	3375
1.00	0.06	0.00	-0.00	51	59	139	3404
1.00	0.06	0.00	-0.00	42	77	128	3435
1.00	0.06	0.00	-0.00	25	70	129	3466
1.00	0.06	0.00	-0.00	19	56	148	3497
1.00	0.06	0.00	-0.00	34	53	158	3527
1.00	0.06	0.00	-0.00	50	62	155	3558
1.00	0.06	0.00	-0.00	59	71	152	3591
1.00	0.06	-0.00	-0.00	46	66	138	3621
1.00	0.06	-0.00	-0.00	31	52	121	3652
1.00	0.06	-0.00	-0.00	31	52	121	3681
1.00	0.06	-0.00	-0.00	32	52	137	3712
1.00	0.06	-0.00	-0.00	31	50	127	3742
1.00	0.06	-0.00	-0.00	27	43	126	3773
1.00	0.06	-0.00	-0.00	30	39	134	3804
1.00	0.06	-0.00	-0.00	38	36	154	3834
1.00	0.06	-0.00	-0.00	39	45	156	3865
1.00	0.06	-0.00	-0.00	32	47	137	3895
1.00	0.06	-0.00	-0.00	25	50	120	3926
1.00	0.06	-0.00	-0.00	27	48	124	3956
1.00	0.06	-0.00	-0.00	27	41	131	3990
1.00	0.06	-0.00	-0.00	31	32	134	4021
1.00	0.06	-0.00	-0.00	31	32	134	4049
1.00	0.06	-0.00	-0.00	18	50	151	4080
1.00	0.06	-0.00	-0.00	20	47	152	4111
1.00	0.06	-0.00	-0.00	21	47	147	4142
1.00	0.06	-0.00	-0.00	21	48	141	4172
1.00	0.06	-0.00	-0.00	21	44	133	4202
1.00	0.06	-0.00	-0.00	21	41	130	4233
1.00	0.06	-0.00	-0.00	22	37	133	4263
1.00	0.06	-0.00	-0.00	25	43	133	4294
1.00	0.06	-0.00	-0.00	28	46	136	4325
1.00	0.06	-0.00	-0.00	30	47	129	4356
1.00	0.07	-0.00	-0.00	30	48	134	4386
1.00	0.07	-0.00	-0.00	30	48	134	4418
1.00	0.07	-0.00	-0.00	17	50	137	4449
1.00	0.07	-0.00	-0.00	17	46	142	4479
1.00	0.07	-0.00	-0.00	20	42	144	4509
1.00	0.07	-0.00	-0.00	23	42	149	4540
1.00	0.07	-0.00	-0.00	19	40	141	4571
1.00	0.07	-0.00	-0.00	16	35	139	4601
1.00	0.07	-0.00	-0.00	13	35	141	4632
1.00	0.07	-0.00	-0.00	15	35	143	4663
1.00	0.07	-0.00	-0.00	16	39	141	4694
1.00	0.07	-0.00	-0.00	17	36	140	4724
1.00	0.07	-0.00	-0.00	21	35	139	4755
1.00	0.07	-0.00	-0.00	21	35	139	4784
1.00	0.07	-0.00	-0.00	16	38	151	4816
1.00	0.07	-0.00	-0.00	16	42	151	4847
1.00	0.07	-0.00	-0.00	14	43	152	4878
1.00	0.07	-0.00	-0.00	11	44	153	4909
1.00	0.07	-0.00	-0.00	10	44	147	4939
1.00	0.07	-0.00	-0.00	11	46	143	4970
1.00	0.07	-0.00	-0.00	12	46	151	5001
1.00	0.07	-0.00	-0.00	17	43	147	5031
1.00	0.07	-0.00	-0.00	17	43	149	5062
1.00	0.07	-0.00	-0.00	17	43	147	5093
1.00	0.07	-0.00	-0.00	14	42	149	5124
1.00	0.07	-0.00	-0.00	14	42	149	5152
1.00	0.07	-0.00	-0.00	5	42	130	5183
1.00	0.07	-0.00	-0.00	5	34	125	5214
1.00	0.07	-0.00	-0.00	7	31	126	5248
1.00	0.07	-0.00	-0.00	4	29	138	5277
1.00	0.07	-0.00	-0.00	7	30	139	5308
1.00	0.07	-0.00	-0.00	7	34	132	5339
1.00	0.07	-0.00	-0.00	7	38	135	5369
1.00	0.07	-0.00	-0.00	9	37	140	5400
1.00	0.07	-0.00	-0.00	11	40	143	5431
1.00	0.07	-0.00	-0.00	16	39	145	5462
1.00	0.07	-0.00	-0.00	14	40	138	5492
1.00	0.07	-0.00	-0.00	14	40	138	5521
1.00	0.07	-0.00	-0.01	8	52	110	5552
1.00	0.07	-0.00	-0.01	2	17	156	5582
1.00	0.07	-0.00	-0.01	6	-10	215	5613
1.00	0.07	-0.00	-0.01	24	-4	212	5646
1.00	0.07	-0.00	-0.01	34	47	162	5677
1.00	0.07	-0.00	-0.01	23	90	83	5707
1.00	0.07	-0.00	-0.01	-8	83	52	5738
1.00	0.07	-0.00	-0.01	-14	30	94	5769
1.00	0.07	-0.00	-0.01	13	9	168	5798
1.00	0.07	-0.00	-0.01	42	21	196	5829
1.00	0.07	-0.00	-0.01	31	56	152	5860
1.00	0.07	-0.00	-0.01	31	56	152	5889
1.00	0.07	-0.00	-0.01	9	45	152	5919
1.00	0.07	-0.00	-0.01	11	38	164	5950
1.00	0.07	-0.00	-0.01	2	32	154	5981
1.00	0.07	-0.00	-0.01	-6	30	133	6011
1.00	0.07	-0.00	-0.01	-3	39	122	6042
1.00	0.07	-0.00	-0.01	15	41	136	6075
1.00	0.07	-0.00	-0.01	23	37	152	6106
1.00	0.07	-0.00	-0.01	15	33	163	6136
1.00	0.07	-0.00	-0.01	1	32	157	6167
1.00	0.07	-0.00	-0.01	-6	34	140	6198
1.00	0.07	-0.00	-0.01	2	42	145	6229
1.00	0.07	-0.00	-0.01	2	42	145	6257
1.00	0.07	-0.00	-0.01	6	39	136	6288
1.00	0.07	-0.00	-0.01	7	33	139	6319
1.00	0.07	-0.00	-0.01	15	32	139	6349
1.00	0.07	-0.00	-0.01	14	37	143	6380
1.00	0.07	-0.00	-0.01	10	39	148	6410
1.00	0.07	-0.00	-0.01	8	44	148	6441
1.00	0.07	-0.00	-0.01	7	45	151	6471
1.00	0.07	-0.00	-0.01	7	40	155	6516
1.00	0.07	-0.00	-0.01	7	43	154	6546
1.00	0.07	-0.00	-0.01	4	37	149	6577
1.00	-0.87	1.71	1.24	-19784	-20714	9513	6607
1.00	-0.87	1.71	1.24	-19784	-20714	9513	6636
1.00	0.07	-0.00	-0.01	2	38	136	6667
1.00	0.07	-0.00	-0.01	2	36	137	6698
1.00	0.07	-0.00	-0.01	6	39	137	6728
1.00	0.07	-0.00	-0.01	11	36	140	6759
1.00	0.07	-0.00	-0.01	13	33	145	6790
1.00	0.07	-0.00	-0.01	10	33	146	6820
1.00	0.07	-0.00	-0.01	6	40	146	6850
1.00	0.07	-0.00	-0.01	2	40	138	6881
1.00	0.07	-0.00	-0.01	4	41	141	6915
1.00	0.07	-0.00	-0.01	5	42	143	6945
1.00	0.07	-0.00	-0.01	6	39	143	6976
1.00	0.07	-0.00	-0.01	6	39	143	7005
1.00	0.07	-0.00	-0.01	5	34	139	7035
1.00	0.07	-0.00	-0.01	6	36	146	7066
1.00	0.07	-0.00	-0.01	1	34	146	7097
1.00	0.07	-0.00	-0.01	2	35	148	7128
1.00	0.07	-0.00	-0.01	0	36	153	7157
1.00	0.07	-0.00	-0.01	3	36	154	7188
1.00	0.07	-0.00	-0.01	7	37	151	7219
1.00	0.07	-0.00	-0.01	13	38	150	7249
1.00	0.07	-0.00	-0.01	9	36	155	7280
1.00	0.07	-0.00	-0.01	7	33	150	7311
1.00	0.07	-0.00	-0.01	7	35	153	7344
1.00	0.07	-0.00	-0.01	7	35	153	7373
1.00	0.07	-0.00	-0.01	9	37	149	7404
1.00	0.07	-0.00	-0.01	9	35	153	7435
1.00	0.07	-0.00	-0.01	9	37	151	7465
1.00	0.07	-0.00	-0.01	8	41	154	7495
1.00	0.07	-0.00	-0.01	5	38	153	7526
1.00	0.07	-0.00	-0.01	5	40	154	7557
1.00	0.07	-0.00	-0.01	1	40	157	7587
1.00	0.07	-0.00	-0.01	0	39	154	7618
1.00	0.07	-0.00	-0.01	0	41	146	7649
1.00	0.07	-0.00	-0.01	4	41	147	7680
1.00	0.07	-0.00	-0.01	2	38	151	7710
1.00	0.07	-0.00	-0.01	2	38	151	7739
1.00	0.07	-0.00	-0.01	9	30	136	7768
1.00	0.07	-0.00	-0.01	9	34	136	7798
1.00	0.07	-0.00	-0.01	6	35	146	7828
1.00	0.07	-0.00	-0.01	2	38	160	7859
1.00	0.07	-0.00	-0.01	-3	39	159	7889
1.00	0.07	-0.00	-0.01	1	41	158	7920
1.00	0.07	-0.00	-0.01	2	43	162	7951
1.00	0.07	-0.00	-0.01	-1	42	159	7982
1.00	0.07	-0.00	-0.01	-3	40	159	8012
1.00	0.07	-0.00	-0.01	-3	42	150	8043
1.00	0.07	-0.00	-0.01	-1	36	153	8074
1.00	0.07	-0.00	-0.01	-1	36	153	8103
1.00	0.07	-0.00	-0.01	1	37	151	8133
1.00	0.07	-0.00	-0.01	4	35	146	8167
1.00	0.07	-0.00	-0.01	5	31	151	8198
1.00	0.07	-0.00	-0.01	4	30	146	8228
1.00	0.07	-0.00	-0.01	1	33	139	8259
1.00	0.07	-0.00	-0.01	0	37	139	8290
1.00	0.07	-0.00	-0.01	1	36	142	8321
1.00	0.07	-0.00	-0.01	0	36	141	8350
1.00	0.07	-0.00	-0.01	0	35	141	8381
1.00	0.07	-0.00	-0.01	-6	39	144	8412
1.00	0.07	-0.00	-0.01	-5	43	142	8442
1.00	0.07	-0.00	-0.01	-5	43	142	8472
1.00	0.07	-0.00	-0.01	4	32	143	8503
1.00	0.07	-0.00	-0.01	1	29	142	8534
1.00	0.07	-0.00	-0.01	4	31	145	8564
1.00	0.07	-0.00	-0.01	9	35	146	8597
1.00	0.07	-0.00	-0.01	7	40	151	8628
1.00	0.07	-0.00	-0.01	5	40	147	8658
1.00	0.07	-0.00	-0.01	6	38	141	8689
1.00	0.07	-0.00	-0.01	4	38	138	8720
1.00	0.07	-0.00	-0.01	1	38	141	8751
1.00	0.07	-0.00	-0.01	5	40	143	8781
1.00	0.07	-0.00	-0.01	5	40	136	8811
1.00	0.07	-0.00	-0.01	5	40	136	8841
1.00	0.07	-0.00	-0.01	2	33	155	8871
1.00	0.07	-0.00	-0.01	4	32	151	8902
1.00	0.07	-0.00	-0.01	1	33	157	8932
1.00	0.07	-0.00	-0.01	3	35	151	8963
1.00	0.07	-0.00	-0.01	3	33	146	8993
1.00	0.07	-0.00	-0.01	4	29	146	9027
1.00	0.07	-0.00	-0.01	4	27	144	9058
1.00	0.07	-0.00	-0.01	0	29	142	9089
1.00	0.07	-0.00	-0.01	0	29	144	9119
1.00	0.07	-0.00	-0.01	0	27	151	9150
1.00	0.07	-0.00	-0.01	1	32	148	9180
1.00	0.07	-0.00	-0.01	1	32	148	9209
1.00	0.07	-0.00	-0.01	6	40	145	9240
1.00	0.07	-0.00	-0.01	4	44	145	9271
1.00	0.07	-0.00	-0.01	4	45	142	9302
1.00	0.07	-0.00	-0.01	2	42	142	9331
1.00	0.07	-0.00	-0.01	1	43	147	9362
1.00	0.07	-0.00	-0.01	5	44	148	9393
1.00	0.07	-0.00	-0.01	0	47	144	9423
1.00	0.07	-0.00	-0.01	2	47	139	9457
1.00	0.07	-0.00	-0.01	1	44	141	9488
1.00	0.07	-0.00	-0.01	2	45	140	9519
1.00	0.07	-0.00	-0.01	0	41	140	9549
1.00	0.07	-0.00	-0.01	0	41	140	9578
1.00	0.07	-0.00	-0.01	6	45	144	9609
1.00	0.07	-0.00	-0.01	6	45	142	9639
1.00	0.07	-0.00	-0.01	5	43	145	9670
1.00	0.07	-0.00	-0.01	6	40	147	9701
1.00	0.07	-0.00	-0.01	4	38	147	9732
1.00	0.07	-0.00	-0.01	5	34	141	9762
1.00	0.07	-0.00	-0.01	-1	31	140	9792
1.00	0.07	-0.00	-0.01	-1	33	141	9823
1.00	0.07	-0.00	-0.01	-1	32	141	9857
1.00	0.07	-0.00	-0.01	-3	34	145	9887
1.00	0.07	-0.00	-0.01	-4	34	147	9918
1.00	0.07	-0.00	-0.01	-4	34	147	9947
1.00	0.07	-0.00	-0.01	9	35	150	9977
1.00	0.07	-0.00	-0.01	4	37	150	10008
1.00	0.07	-0.00	-0.01	0	38	150	10039
1.00	0.07	-0.00	-0.01	3	36	156	10070
1.00	0.07	-0.00	-0.01	2	33	156	10100
1.00	0.07	-0.00	-0.01	3	31	158	10131
1.00	0.07	-0.00	-0.01	7	32	153	10162
1.00	0.07	-0.00	-0.01	4	34	150	10192
1.00	0.07	-0.00	-0.01	0	32	152	10223
1.00	0.07	-0.00	-0.01	-2	40	152	10254
1.00	0.07	-0.00	-0.01	-1	40	158	10287
1.00	0.07	-0.00	-0.01	-1	40	158	10316
1.00	0.07	-0.00	-0.01	0	41	156	10347
1.00	0.07	-0.00	-0.01	-1	42	150	10378
1.00	0.07	-0.00	-0.01	1	43	150	10409
1.00	0.07	-0.00	-0.01	4	40	151	10439
1.00	0.07	-0.00	-0.01	5	35	145	10469
1.00	0.07	-0.00	-0.01	6	37	141	10500
1.00	0.07	-0.00	-0.01	1	33	146	10530
1.00	0.07	-0.00	-0.01	-7	38	147	10561
1.00	0.07	-0.00	-0.01	-6	35	148	10592
1.00	0.07	-0.00	-0.01	-4	36	149	10623
1.00	0.07	-0.00	-0.01	-2	38	149	10653
1.00	0.07	-0.00	-0.01	-2	38	149	10685
1.00	0.07	-0.00	-0.01	9	38	144	10716
1.00	0.07	-0.00	-0.01	9	40	145	10746
1.00	0.07	-0.00	-0.01	4	41	150	10777
1.00	0.07	-0.00	-0.01	2	42	148	10808
1.00	0.07	-0.00	-0.01	0	41	149	10838
1.00	0.07	-0.00	-0.01	0	35	146	10868
1.00	0.07	-0.00	-0.01	-2	31	149	10899
1.00	0.07	-0.00	-0.01	-2	30	139	10930
1.00	0.07	-0.00	-0.01	-3	32	135	10960
1.00	0.07	-0.00	-0.01	-2	33	138	10991
1.00	0.07	-0.00	-0.01	-1	35	145	11022
1.00	0.07	-0.00	-0.01	-1	35	145	11052
1.00	0.07	-0.00	-0.01	3	38	148	11084
1.00	0.07	-0.00	-0.01	-1	42	151	11115
1.00	0.07	-0.00	-0.01	3	44	155	11146
1.00	0.07	-0.00	-0.01	0	42	149	11177
1.00	0.07	-0.00	-0.01	1	40	152	11207
1.00	0.07	-0.00	-0.01	1	40	149	11238
1.00	0.07	-0.00	-0.01	4	45	137	11269
1.00	0.07	-0.00	-0.01	9	45	134	11298
1.00	0.07	-0.00	-0.01	3	46	140	11329
1.00	0.07	-0.00	-0.01	1	46	150	11360
1.00	0.07	-0.00	-0.01	1	44	150	11391
1.00	0.07	-0.00	-0.01	1	44	150	11420
1.00	0.07	-0.00	-0.02	3	36	152	11450
1.00	0.07	-0.00	-0.02	5	37	151	11481
1.00	0.07	-0.00	-0.02	7	37	152	11514
1.00	0.07	-0.00	-0.02	9	39	162	11556
1.00	0.07	-0.00	-0.02	8	40	160	11586
1.00	0.07	-0.00	-0.02	8	42	154	11617
1.00	0.07	-0.00	-0.02	7	44	150	11648
1.00	0.07	-0.00	-0.02	7	46	154	11678
1.00	0.07	-0.00	-0.02	5	46	155	11709
1.00	0.07	-0.00	-0.02	7	40	158	11740
1.00	0.07	-0.00	-0.02	7	40	158	11768
1.00	0.07	-0.00	-0.02	0	39	156	11799
1.00	0.07	-0.00	-0.02	4	42	158	11830
1.00	0.07	-0.00	-0.02	0	43	155	11861
1.00	0.07	-0.00	-0.02	1	40	152	11891
1.00	0.07	-0.00	-0.02	-2	38	152	11925
1.00	0.07	-0.00	-0.02	0	39	148	11956
1.00	0.07	-0.00	-0.02	2	40	154	11986
1.00	0.07	-0.00	-0.02	4	39	149	12017
1.00	0.07	-0.00	-0.02	0	39	152	12048
1.00	0.07	-0.00	-0.02	-1	43	160	12079
1.00	0.07	-0.00	-0.02	-3	42	158	12109
1.00	0.07	-0.00	-0.02	-3	42	158	12138
1.00	0.07	-0.00	-0.02	2	36	155	12169
1.00	0.07	-0.00	-0.02	0	35	158	12201
1.00	0.07	-0.00	-0.02	-3	34	157	12231
1.00	0.07	-0.00	-0.02	-6	35	155	12262
1.00	0.07	-0.00	-0.02	-4	35	152	12293
1.00	0.07	-0.00	-0.02	0	38	145	12323
1.00	0.07	-0.00	-0.02	0	41	142	12356
1.00	0.07	-0.00	-0.02	-6	39	136	12387
1.00	0.07	-0.00	-0.02	-7	42	141	12418
1.00	0.07	-0.00	-0.02	-4	41	143	12448
1.00	0.07	-0.00	-0.02	0	44	145	12479
1.00	0.07	-0.00	-0.02	0	44	145	12509
1.00	0.07	-0.00	-0.02	0	35	146	12539
1.00	0.07	-0.00	-0.02	2	38	147	12570
1.00	0.07	-0.00	-0.02	-1	39	149	12601
1.00	0.07	-0.00	-0.02	-2	38	148	12632
1.00	0.07	-0.00	-0.02	-3	36	148	12662
1.00	0.07	-0.00	-0.02	0	36	151	12693
1.00	0.07	-0.00	-0.02	2	33	151	12724
1.00	0.07	-0.00	-0.02	6	35	152	12758
1.00	0.07	-0.00	-0.02	2	36	150	12788
1.00	0.07	-0.00	-0.02	2	40	149	12819
1.00	0.07	-0.00	-0.02	4	37	150	12850
1.00	0.07	-0.00	-0.02	4	37	150	12878
1.00	0.07	-0.00	-0.02	3	45	150	12909
1.00	0.07	-0.00	-0.02	7	46	153	12940
1.00	0.07	-0.00	-0.02	8	46	153	12971
1.00	0.07	-0.00	-0.02	12	48	150	13001
1.00	0.07	-0.00	-0.02	10	48	148	13032
1.00	0.07	-0.00	-0.02	3	43	148	13063
1.00	0.07	-0.00	-0.02	-2	42	151	13093
1.00	0.07	-0.00	-0.02	-5	45	147	13124
1.00	0.07	-0.00	-0.02	-2	44	148	13158
1.00	0.07	-0.00	-0.02	1	45	152	13189
1.00	0.07	-0.00	-0.02	2	42	153	13219
1.00	0.07	-0.00	-0.02	2	42	153	13248
1.00	0.07	-0.00	-0.02	-3	38	157	13279
1.00	0.07	-0.00	-0.02	0	37	157	13310
1.00	0.07	-0.00	-0.02	0	37	151	13340
1.00	0.07	-0.00	-0.02	1	34	149	13371
1.00	0.07	-0.00	-0.02	2	34	144	13402
1.00	0.07	-0.00	-0.02	0	33	148	13432
1.00	0.07	-0.00	-0.02	1	33	150	13463
1.00	0.07	-0.00	-0.02	3	38	154	13494
1.00	0.07	-0.00	-0.02	5	39	151	13525
1.00	0.07	-0.00	-0.02	7	37	153	13555
1.00	0.07	-0.00	-0.02	8	37	155	13589
1.00	0.07	-0.00	-0.02	8	37	155	13618
1.00	0.07	-0.00	-0.02	2	28	152	13648
1.00	0.07	-0.00	-0.02	0	25	151	13679
1.00	0.07	-0.00	-0.02	0	29	152	13710
1.00	0.07	-0.00	-0.02	1	33	150	13741
1.00	0.07	-0.00	-0.02	1	35	149	13771
1.00	0.07	-0.00	-0.02	-3	34	149	13802
1.00	0.07	-0.00	-0.02	-3	41	148	13833
1.00	0.07	-0.00	-0.02	-2	37	148	13863
1.00	0.07	-0.00	-0.02	-1	34	155	13894
1.00	0.07	-0.00	-0.02	0	37	154	13925
1.00	0.07	-0.00	-0.02	2	38	148	13956
1.00	0.07	-0.00	-0.02	2	38	148	13987
1.00	0.07	-0.00	-0.02	-10	33	158	14018
1.00	0.07	-0.00	-0.02	-5	33	155	14049
1.00	0.07	-0.00	-0.02	0	35	152	14080
1.00	0.07	-0.00	-0.02	1	35	152	14110
1.00	0.07	-0.00	-0.02	-1	37	156	14141
1.00	0.07	-0.00	-0.02	-1	40	151	14172
1.00	0.07	-0.00	-0.02	-4	36	146	14202
1.00	0.07	-0.00	-0.02	-4	37	144	14233
1.00	0.07	-0.00	-0.02	0	38	151	14264
1.00	0.07	-0.00	-0.02	0	41	153	14295
1.00	0.07	-0.00	-0.02	-3	41	152	14325
1.00	0.07	-0.00	-0.02	-3	41	152	14354
1.00	0.07	-0.00	-0.02	-8	34	140	14388
1.00	0.07	-0.00	-0.02	-11	33	141	14418
1.00	0.07	-0.00	-0.02	-8	34	140	14449
1.00	0.07	-0.00	-0.02	-2	36	147	14480
1.00	0.07	-0.00	-0.02	-2	32	149	14511
1.00	0.07	-0.00	-0.02	-3	32	156	14541
1.00	0.07	-0.00	-0.02	0	38	158	14572
1.00	0.07	-0.00	-0.02	0	35	157	14603
1.00	0.07	-0.00	-0.02	-6	35	158	14634
1.00	0.07	-0.00	-0.02	-8	34	158	14664
1.00	0.07	-0.00	-0.02	-5	37	156	14695
1.00	0.07	-0.00	-0.02	-5	37	156	14724
1.00	0.07	-0.00	-0.02	-5	38	159	14754
1.00	0.07	-0.00	-0.02	-4	40	155	14785
1.00	0.07	-0.00	-0.02	3	39	156	14819
1.00	0.07	-0.00	-0.02	4	43	154	14850
1.00	0.07	-0.00	-0.02	7	40	156	14880
1.00	0.07	-0.00	-0.02	1	43	156	14911
1.00	0.07	-0.00	-0.02	0	43	154	14942
1.00	0.07	-0.00	-0.02	2	39	157	14972
1.00	0.07	-0.00	-0.02	0	35	160	15003
1.00	0.07	-0.00	-0.02	-4	34	161	15034
1.00	0.07	-0.00	-0.02	-1	32	156	15065
1.00	0.07	-0.00	-0.02	-1	32	156	15094
1.00	0.07	-0.00	-0.02	-7	34	146	15125
1.00	0.07	-0.00	-0.02	-10	33	145	15156
1.00	0.07	-0.00	-0.02	-6	35	150	15186
1.00	0.07	-0.00	-0.02	-5	38	151	15220
1.00	0.07	-0.00	-0.02	-5	37	150	15251
1.00	0.07	-0.00	-0.02	-4	37	150	15282
1.00	0.07	-0.00	-0.02	-3	37	155	15312
1.00	0.07	-0.00	-0.02	-1	32	155	15343
1.00	0.07	-0.00	-0.02	-2	36	154	15374
1.00	0.07	-0.00	-0.02	-2	40	161	15405
1.00	0.07	-0.00	-0.02	-5	40	163	15435
1.00	0.07	-0.00	-0.02	-5	40	163	15464
1.00	0.07	-0.00	-0.02	-5	40	163	15494
1.00	0.07	-0.00	-0.02	-7	42	150	15524
1.00	0.07	-0.00	-0.02	-8	38	149	15555
1.00	0.07	-0.00	-0.02	-10	32	146	15586
1.00	0.07	-0.00	-0.02	-10	31	152	15619
1.00	0.07	-0.00	-0.02	-8	31	154	15649
1.00	0.07	-0.00	-0.02	-9	32	157	15680
1.00	0.07	-0.00	-0.02	-8	34	155	15711
1.00	0.07	-0.00	-0.02	-14	33	158	15743
1.00	0.07	-0.00	-0.02	-18	32	160	15773
1.00	0.07	-0.00	-0.02	-14	34	161	15804
1.00	0.07	-0.00	-0.02	-9	34	160	15834
1.00	0.07	-0.00	-0.02	-9	34	160	15863
1.00	0.07	-0.00	-0.02	-3	44	152	15894
1.00	0.07	-0.00	-0.02	-5	48	153	15925
1.00	0.07	-0.00	-0.02	-12	42	156	15956
1.00	0.07	-0.00	-0.02	-7	40	152	15986
1.00	0.07	-0.00	-0.02	-10	39	155	16020
1.00	0.07	-0.00	-0.02	-12	41	157	16051
1.00	0.07	-0.00	-0.02	-8	39	155	16081
1.00	0.07	-0.00	-0.02	-9	41	149	16112
1.00	0.07	-0.00	-0.02	-9	38	147	16143
1.00	0.07	-0.00	-0.02	-8	36	150	16174
1.00	0.07	-0.00	-0.02	-7	33	154	16204
1.00	0.07	-0.00	-0.02	-7	33	154	16233
1.00	0.08	-0.00	-0.02	-11	33	151	16264
1.00	0.08	-0.00	-0.02	-10	31	148	16294
1.00	0.08	-0.00	-0.02	-13	37	146	16325
1.00	0.08	-0.00	-0.02	-6	37	147	16356
1.00	0.08	-0.00	-0.02	-2	41	145	16387
1.00	0.08	-0.00	-0.02	0	39	147	16420
1.00	0.08	-0.00	-0.02	0	40	148	16451
1.00	0.08	-0.00	-0.02	-2	36	146	16482
1.00	0.08	-0.00	-0.02	4	40	153	16513
1.00	0.08	-0.00	-0.02	4	40	154	16543
1.00	0.08	-0.00	-0.02	3	39	155	16574
1.00	0.08	-0.00	-0.02	3	39	155	16603
1.00	0.08	-0.00	-0.02	-17	38	160	16645
1.00	0.08	-0.00	-0.02	-11	39	162	16674
1.00	0.08	-0.00	-0.02	-13	39	166	16705
1.00	0.08	-0.00	-0.02	-11	41	163	16736
1.00	0.08	-0.00	-0.02	-9	40	162	16767
1.00	0.08	-0.00	-0.02	-6	38	159	16797
1.00	0.08	-0.00	-0.02	-9	36	155	16830
1.00	0.08	-0.00	-0.02	-12	39	153	16861
1.00	0.08	-0.00	-0.02	-9	37	156	16891
1.00	0.08	-0.00	-0.02	-6	38	161	16922
1.00	0.08	-0.00	-0.02	-6	38	161	16951
1.00	0.08	-0.00	-0.02	-11	31	157	16982
1.00	0.08	-0.00	-0.02	-17	34	155	17012
1.00	0.08	-0.00	-0.02	-19	33	158	17043
1.00	0.08	-0.00	-0.02	-14	35	160	17074
1.00	0.08	-0.00	-0.02	-14	36	157	17104
1.00	0.08	-0.00	-0.02	-12	35	155	17134
1.00	0.08	-0.00	-0.02	-10	37	154	17165
1.00	0.08	-0.00	-0.02	-9	39	148	17196
1.00	0.08	-0.00	-0.02	-9	39	146	17229
1.00	0.08	-0.00	-0.02	-6	39	159	17260
1.00	0.08	-0.00	-0.02	-7	42	161	17290
1.00	0.08	-0.00	-0.02	-7	42	161	17319
1.00	0.08	-0.00	-0.02	-7	33	147	17350
1.00	0.08	-0.00	-0.02	-7	31	145	17381
1.00	0.08	-0.00	-0.02	-4	31	148	17411
1.00	0.08	-0.00	-0.02	-4	33	148	17441
1.00	0.08	-0.00	-0.02	-7	34	149	17472
1.00	0.08	-0.00	-0.02	-9	36	149	17503
1.00	0.08	-0.00	-0.02	-10	38	151	17534
1.00	0.08	-0.00	-0.02	-8	38	160	17564
1.00	0.08	-0.00	-0.02	-9	37	162	17595
1.00	0.08	-0.00	-0.02	-12	38	162	17628
1.00	0.08	-0.00	-0.02	-10	38	165	17658
1.00	0.08	-0.00	-0.02	-10	38	165	17688
1.00	0.08	-0.00	-0.02	-11	37	148	17718
1.00	0.08	-0.00	-0.02	-14	37	144	17749
1.00	0.08	-0.00	-0.02	-18	39	149	17779
1.00	0.08	-0.00	-0.02	-14	41	152	17810
1.00	0.08	-0.00	-0.02	-7	37	155	17841
1.00	0.08	-0.00	-0.02	-7	34	158	17871
1.00	0.08	-0.00	-0.02	-6	36	155	17902
1.00	0.08	-0.00	-0.02	-6	36	157	17933
1.00	0.08	-0.00	-0.02	-6	37	159	17963
1.00	0.08	-0.00	-0.02	-4	36	163	17993
1.00	0.08	-0.00	-0.02	-7	40	157	18027
1.00	0.08	-0.00	-0.02	-7	40	157	18056
1.00	0.08	-0.00	-0.02	2	39	161	18086
1.00	0.08	-0.00	-0.02	0	38	160	18117
1.00	0.08	-0.00	-0.02	0	39	153	18148
1.00	0.08	-0.00	-0.02	-3	37	147	18179
1.00	0.08	-0.00	-0.02	-4	31	148	18209
1.00	0.08	-0.00	-0.02	-5	35	152	18239
1.00	0.08	-0.00	-0.02	-4	32	150	18270
1.00	0.08	-0.00	-0.02	-3	38	149	18300
1.00	0.08	-0.00	-0.02	-6	38	145	18331
1.00	0.08	-0.00	-0.02	-5	35	144	18362
1.00	0.08	-0.00	-0.02	-5	38	153	18393
1.00	0.08	-0.00	-0.02	-5	38	153	18424
1.00	0.08	-0.00	-0.02	-5	38	153	18453
1.00	0.08	-0.00	-0.02	-11	37	155	18484
1.00	0.08	-0.00	-0.02	-9	37	155	18514
1.00	0.08	-0.00	-0.02	-12	36	151	18545
1.00	0.08	-0.00	-0.02	-11	34	154	18576
1.00	0.08	-0.00	-0.02	-10	36	158	18606
1.00	0.08	-0.00	-0.02	-7	37	155	18636
1.00	0.08	-0.00	-0.02	-6	34	153	18667
1.00	0.08	-0.00	-0.02	-7	31	154	18698
1.00	0.08	-0.00	-0.02	-5	32	156	18729
1.00	0.08	-0.00	-0.02	-9	40	157	18759
1.00	0.08	-0.00	-0.02	-12	40	156	18790
1.00	0.08	-0.00	-0.02	-12	40	156	18822
1.00	0.08	-0.00	-0.02	-4	42	160	18852
1.00	0.08	-0.00	-0.02	-7	40	157	18883
1.00	0.08	-0.00	-0.02	-5	37	162	18913
1.00	0.08	-0.00	-0.02	0	37	160	18944
1.00	0.08	-0.00	-0.02	1	39	164	18974
1.00	0.08	-0.00	-0.02	-1	42	159	19005
1.00	0.08	-0.00	-0.02	0	39	162	19036
1.00	0.08	-0.00	-0.02	-1	40	166	19066
1.00	0.08	-0.00	-0.02	1	41	168	19097
1.00	0.08	-0.00	-0.02	-2	38	173	19128
1.00	0.08	-0.00	-0.02	0	35	173	19159
1.00	0.08	-0.00	-0.02	0	35	173	19187
1.00	0.08	-0.00	-0.02	-15	44	157	19218
1.00	0.08	-0.00	-0.02	-9	44	154	19251
1.00	0.08	-0.00	-0.02	-8	43	158	19281
1.00	0.08	-0.00	-0.02	-6	40	156	19312
1.00	0.08	-0.00	-0.02	-10	42	148	19343
1.00	0.08	-0.00	-0.02	-8	39	148	19374
1.00	0.08	-0.00	-0.02	-12	38	154	19404
1.00	0.08	-0.00	-0.02	-16	38	154	19435
1.00	0.08	-0.00	-0.02	-16	46	154	19465
1.00	0.08	-0.00	-0.02	-10	45	156	19495
1.00	0.08	-0.00	-0.02	-8	40	152	19526
1.00	0.08	-0.00	-0.02	-8	40	152	19555
1.00	0.08	-0.00	-0.02	-12	37	167	19586
1.00	0.08	-0.00	-0.02	-12	37	173	19619
1.00	0.08	-0.00	-0.02	-12	38	163	19650
1.00	0.08	-0.00	-0.02	-9	44	155	19681
1.00	0.08	-0.00	-0.02	-9	45	151	19711
1.00	0.08	-0.00	-0.02	-7	45	148	19741
1.00	0.08	-0.00	-0.02	-6	43	146	19772
1.00	0.08	-0.00	-0.02	-8	40	143	19803
1.00	0.08	-0.00	-0.02	-13	39	152	19833
1.00	0.08	-0.00	-0.02	-7	39	161	19864
1.00	0.08	-0.00	-0.02	-6	42	166	19895
1.00	0.08	-0.00	-0.02	-6	42	166	19924
1.00	0.08	-0.00	-0.02	-6	42	166	19952
1.00	0.08	-0.00	-0.02	-13	39	157	19983
1.00	0.08	-0.00	-0.02	-13	38	159	20014
1.00	0.08	-0.00	-0.02	-15	39	157	20042
1.00	0.08	-0.00	-0.02	-11	39	161	20073
1.00	0.08	-0.00	-0.02	-5	41	161	20103
1.00	0.08	-0.00	-0.02	-8	41	159	20133
1.00	0.08	-0.00	-0.02	-12	43	163	20165
1.00	0.08	-0.00	-0.02	-7	40	167	20195
1.00	0.08	-0.00	-0.02	-6	37	168	20226
1.00	0.08	-0.00	-0.02	-3	32	171	20256
1.00	0.08	-0.00	-0.02	-6	32	167	20287
1.00	0.08	-0.00	-0.02	-6	32	167	20316
1.00	0.08	-0.00	-0.02	-12	41	159	20346
1.00	0.08	-0.00	-0.02	-13	44	152	20377
1.00	0.08	-0.00	-0.02	-12	41	149	20411
1.00	0.08	-0.00	-0.02	-10	35	147	20442
1.00	0.08	-0.00	-0.02	-12	34	151	20471
1.00	0.08	-0.00	-0.02	-12	34	149	20502
1.00	0.08	-0.00	-0.02	-9	35	150	20533
1.00	0.08	-0.00	-0.02	-8	33	145	20564
1.00	0.08	-0.00	-0.02	-6	29	146	20594
1.00	0.08	-0.00	-0.02	0	27	149	20625
1.00	0.08	-0.00	-0.02	-2	29	152	20656
1.00	0.08	-0.00	-0.02	-2	29	152	20684
1.00	0.08	-0.00	-0.02	-9	42	167	20715
1.00	0.08	-0.00	-0.02	-8	42	164	20746
1.00	0.08	-0.00	-0.02	-9	42	162	20777
1.00	0.08	-0.00	-0.02	-12	42	163	20807
1.00	0.08	-0.00	-0.02	-10	38	166	20840
1.00	0.08	-0.00	-0.02	-8	34	162	20871
1.00	0.08	-0.00	-0.02	-4	35	163	20901
1.00	0.08	-0.00	-0.02	-7	35	161	20932
1.00	0.08	-0.00	-0.02	-6	37	165	20963
1.00	0.08	-0.00	-0.02	-4	35	167	20994
1.00	0.08	-0.00	-0.02	-5	40	173	21024
1.00	0.08	-0.00	-0.02	-5	40	173	21053
1.00	0.08	-0.00	-0.02	-8	30	165	21084
1.00	0.08	-0.00	-0.02	-2	37	167	21114
1.00	0.08	-0.00	-0.02	-7	42	168	21144
1.00	0.08	-0.00	-0.02	-6	39	164	21175
1.00	0.08	-0.00	-0.02	-7	41	162	21206
1.00	0.08	-0.00	-0.02	-5	42	165	21239
1.00	0.08	-0.00	-0.02	-6	40	161	21270
1.00	0.08	-0.00	-0.02	-8	37	159	21301
1.00	0.08	-0.00	-0.02	-7	36	160	21332
1.00	0.08	-0.00	-0.02	-10	34	161	21362
1.00	0.08	-0.00	-0.02	-7	35	156	21392
1.00	0.08	-0.00	-0.02	-7	35	156	21422
1.00	0.08	-0.00	-0.02	-9	38	152	21452
1.00	0.08	-0.00	-0.02	-2	37	158	21483
1.00	0.08	-0.00	-0.02	0	37	165	21513
1.00	0.08	-0.00	-0.02	0	39	164	21543
1.00	0.08	-0.00	-0.02	-8	34	163	21574
1.00	0.08	-0.00	-0.02	-11	34	162	21605
1.00	0.08	-0.00	-0.02	-8	33	166	21638
1.00	0.08	-0.00	-0.02	-4	35	167	21680
1.00	0.08	-0.00	-0.02	-10	36	162	21710
1.00	0.08	-0.00	-0.02	-6	34	160	21741
1.00	0.08	-0.00	-0.02	-6	34	160	21770
1.00	0.08	-0.00	-0.02	2	39	156	21801
1.00	0.08	-0.00	-0.02	2	42	157	21831
1.00	0.08	-0.00	-0.02	-2	44	159	21862
1.00	0.08	-0.00	-0.02	-3	43	160	21893
1.00	0.08	-0.00	-0.02	0	45	157	21923
1.00	0.08	-0.00	-0.02	-3	46	152	21954
1.00	0.08	-0.00	-0.02	-8	47	152	21985
1.00	0.08	-0.00	-0.02	-10	42	152	22016
1.00	0.08	-0.00	-0.02	-7	44	153	22048
1.00	0.08	-0.00	-0.02	-2	42	157	22079
1.00	0.08	-0.00	-0.02	-3	42	162	22110
1.00	0.08	-0.00	-0.02	-3	42	162	22138
1.00	0.08	-0.00	-0.02	-3	35	168	22169
1.00	0.08	-0.00	-0.02	-1	43	168	22200
1.00	0.08	-0.00	-0.02	0	41	162	22231
1.00	0.08	-0.00	-0.02	0	41	163	22261
1.00	0.08	-0.00	-0.02	-1	36	164	22292
1.00	0.08	-0.00	-0.02	-5	35	162	22323
1.00	0.08	-0.00	-0.02	-5	35	160	22353
1.00	0.08	-0.00	-0.02	-7	35	165	22384
1.00	0.08	-0.00	-0.02	-8	33	162	22415
1.00	0.08	-0.00	-0.02	-7	31	166	22448
1.00	0.08	-0.00	-0.02	-3	31	163	22478
1.00	0.08	-0.00	-0.02	-3	31	163	22508
1.00	0.08	-0.00	-0.02	0	29	162	22539
1.00	0.08	-0.00	-0.02	0	30	158	22570
1.00	0.08	-0.00	-0.02	-5	36	156	22599
1.00	0.08	-0.00	-0.02	-5	37	154	22630
1.00	0.08	-0.00	-0.02	-5	39	153	22661
1.00	0.08	-0.00	-0.02	-5	43	156	22691
1.00	0.08	-0.00	-0.02	-5	43	159	22722
1.00	0.08	-0.00	-0.02	-6	41	163	22753
1.00	0.08	-0.00	-0.02	-8	37	162	22784
1.00	0.08	-0.00	-0.02	-7	39	157	22814
1.00	0.08	-0.00	-0.02	-7	38	158	22848
1.00	0.08	-0.00	-0.02	-7	38	158	22877
1.00	0.08	-0.00	-0.02	-8	33	150	22907
1.00	0.08	-0.00	-0.02	-8	37	154	22938
1.00	0.08	-0.00	-0.02	-8	37	157	22969
1.00	0.08	-0.00	-0.02	-10	37	159	23000
1.00	0.08	-0.00	-0.02	-15	39	157	23030
1.00	0.08	-0.00	-0.02	-10	39	157	23061
1.00	0.08	-0.00	-0.02	-4	42	150	23092
1.00	0.08	-0.00	-0.02	-5	39	152	23122
1.00	0.08	-0.00	-0.02	-6	39	145	23153
1.00	0.08	-0.00	-0.02	-7	35	150	23184
1.00	0.08	-0.00	-0.02	-6	35	149	23215
1.00	0.08	-0.00	-0.02	-6	35	149	23246
1.00	0.08	-0.00	-0.02	0	39	172	23277
1.00	0.08	-0.00	-0.02	-3	35	173	23308
1.00	0.08	-0.00	-0.02	-3	34	172	23339
1.00	0.08	-0.00	-0.02	-2	35	170	23369
1.00	0.08	-0.00	-0.02	-1	33	174	23400
1.00	0.08	-0.00	-0.02	-2	35	168	23431
1.00	0.08	-0.00	-0.02	1	38	166	23461
1.00	0.08	-0.00	-0.02	-2	37	169	23492
1.00	0.08	-0.00	-0.02	-4	36	166	23523
1.00	0.08	-0.00	-0.02	-3	36	176	23554
1.00	0.08	-0.00	-0.02	-3	35	173	23584
1.00	0.08	-0.00	-0.02	-3	35	173	23613
1.00	0.08	-0.00	-0.02	0	37	156	23647
1.00	0.08	-0.00	-0.02	-3	33	156	23678
1.00	0.08	-0.00	-0.02	-7	31	162	23708
1.00	0.08	-0.00	-0.02	-11	26	167	23739
1.00	0.08	-0.00	-0.02	-8	27	169	23770
1.00	0.08	-0.00	-0.02	-5	28	174	23800
1.00	0.08	-0.00	-0.02	-8	31	165	23831
1.00	0.08	-0.00	-0.02	-5	34	169	23862
1.00	0.08	-0.00	-0.02	0	39	165	23893
1.00	0.08	-0.00	-0.02	-2	34	165	23923
1.00	0.08	-0.00	-0.02	-2	36	172	23953
1.00	0.08	-0.00	-0.02	-2	36	172	23983
1.00	0.08	-0.00	-0.02	-5	31	163	24013
1.00	0.08	-0.00	-0.02	-4	36	154	24044
1.00	0.08	-0.00	-0.02	-3	36	153	24077
1.00	0.08	-0.00	-0.02	4	36	154	24108
1.00	0.08	-0.00	-0.02	5	43	159	24138
1.00	0.08	-0.00	-0.02	0	37	157	24169
1.00	0.08	-0.00	-0.02	-8	39	159	24200
1.00	0.08	-0.00	-0.02	-11	35	167	24230
1.00	0.08	-0.00	-0.02	-4	32	169	24261
1.00	0.08	-0.00	-0.02	0	32	160	24292
1.00	0.08	-0.00	-0.02	0	29	157	24323
1.00	0.08	-0.00	-0.02	0	29	157	24351
1.00	0.08	-0.00	-0.02	-7	39	165	24382
1.00	0.08	-0.00	-0.02	-8	39	169	24413
1.00	0.08	-0.00	-0.02	-2	38	173	24443
1.00	0.08	-0.00	-0.02	-1	40	170	24477
1.00	0.08	-0.00	-0.02	-2	37	177	24508
1.00	0.08	-0.00	-0.02	-3	35	169	24539
1.00	0.08	-0.00	-0.02	-2	38	165	24569
1.00	0.08	-0.00	-0.02	-1	42	159	24600
1.00	0.08	-0.00	-0.02	-4	35	160	24631
1.00	0.08	-0.00	-0.02	-9	36	158	24662
1.00	0.08	-0.00	-0.02	-10	33	158	24692
1.00	0.08	-0.00	-0.02	-10	33	158	24721
1.00	0.08	-0.00	-0.02	-9	38	167	24752
1.00	0.08	-0.00	-0.02	-11	38	171	24782
1.00	0.08	-0.00	-0.02	-7	40	172	24813
1.00	0.08	-0.00	-0.02	-6	42	173	24844
1.00	0.08	-0.00	-0.02	-2	40	174	24877
1.00	0.08	-0.00	-0.02	-1	40	173	24907
1.00	0.08	-0.00	-0.02	-5	38	171	24938
1.00	0.08	-0.00	-0.02	-3	39	161	24969
1.00	0.08	-0.00	-0.02	1	39	160	24999
1.00	0.08	-0.00	-0.02	2	39	168	25030
1.00	0.08	-0.00	-0.02	3	37	167	25061
1.00	0.08	-0.00	-0.02	3	37	167	25091
1.00	0.08	-0.00	-0.02	-4	35	152	25121
1.00	0.08	-0.00	-0.02	-4	34	155	25152
1.00	0.08	-0.00	-0.02	-6	34	155	25183
1.00	0.08	-0.00	-0.02	-6	32	156	25214
1.00	0.08	-0.00	-0.02	-5	29	155	25244
1.00	0.08	-0.00	-0.02	-4	33	150	25278
1.00	0.08	-0.00	-0.02	-6	36	155	25309
1.00	0.08	-0.00	-0.02	-7	33	156	25339
1.00	0.08	-0.00	-0.02	-10	32	164	25370
1.00	0.08	-0.00	-0.02	-5	28	164	25401
1.00	0.08	-0.00	-0.02	-3	27	170	25432
1.00	0.08	-0.00	-0.02	-3	27	170	25460
1.00	0.08	-0.00	-0.02	3	35	154	25491
1.00	0.08	-0.00	-0.02	1	34	154	25522
1.00	0.08	-0.00	-0.02	-1	31	157	25552
1.00	0.08	-0.00	-0.02	-2	32	159	25583
1.00	0.08	-0.00	-0.02	0	35	158	25614
1.00	0.08	-0.00	-0.02	0	33	159	25645
1.00	0.08	-0.00	-0.02	-1	36	160	25677
1.00	0.08	-0.00	-0.02	-5	35	164	25708
1.00	0.08	-0.00	-0.02	-2	35	163	25739
1.00	0.08	-0.00	-0.02	-5	36	168	25770
1.00	0.08	-0.00	-0.02	-3	38	169	25800
1.00	0.08	-0.00	-0.02	-3	38	169	25829
1.00	0.08	-0.00	-0.02	0	38	153	25860
1.00	0.08	-0.00	-0.02	-1	38	158	25890
1.00	0.08	-0.00	-0.02	-4	35	156	25921
1.00	0.08	-0.00	-0.02	-3	35	158	25952
1.00	0.08	-0.00	-0.02	1	33	161	25983
1.00	0.08	-0.00	-0.02	3	31	169	26013
1.00	0.08	-0.00	-0.02	3	37	162	26044
1.00	0.08	-0.00	-0.02	4	39	168	26075
1.00	0.08	-0.00	-0.02	5	34	167	26116
1.00	0.08	-0.00	-0.02	3	34	164	26148
1.00	0.08	-0.00	-0.02	3	34	164	26180
1.00	0.08	-0.00	-0.02	-5	30	160	26213
1.00	0.08	-0.00	-0.02	-7	32	160	26246
1.00	0.08	-0.00	-0.02	-7	33	162	26279
1.00	0.08	-0.00	-0.02	-4	33	168	26312
1.00	0.08	-0.00	-0.02	-6	36	166	26345
1.00	0.08	-0.00	-0.02	-9	36	166	26378
1.00	0.08	-0.00	-0.02	-8	32	169	26411
1.00	0.08	-0.00	-0.02	-3	33	169	26444
1.00	0.08	-0.00	-0.02	2	34	177	26477
1.00	0.08	-0.00	-0.02	1	31	174	26510
1.00	0.08	-0.00	-0.02	1	31	174	26544
1.00	0.08	-0.00	-0.02	1	26	153	26576
1.00	0.08	-0.00	-0.02	3	26	159	26610
1.00	0.08	-0.00	-0.02	1	27	160	26643
1.00	0.08	-0.00	-0.02	-5	27	163	26676
1.00	0.08	-0.00	-0.02	-8	30	163	26709
1.00	0.08	-0.00	-0.02	-8	35	157	26741
1.00	0.08	-0.00	-0.02	-7	34	153	26785
1.00	0.08	-0.00	-0.02	-5	33	152	26818
1.00	0.08	-0.00	-0.02	-4	34	154	26851
1.00	-0.00	-0.27	0.77	29367	-24238	20400	26884
1.00	-0.00	-0.27	0.77	29367	-24238	20400	26915
1.00	0.08	-0.00	-0.02	0	34	164	26948
1.00	0.08	-0.00	-0.02	-2	35	166	26984
1.00	0.08	-0.00	-0.02	-4	29	162	27017
1.00	0.08	-0.00	-0.02	-11	35	162	27051
1.00	0.08	-0.00	-0.02	-7	35	168	27083
1.00	0.08	-0.00	-0.02	-7	38	172	27116
1.00	0.08	-0.00	-0.02	-6	36	165	27149
1.00	0.08	-0.00	-0.02	-7	30	164	27182
1.00	0.08	-0.00	-0.02	-7	28	169	27214
1.00	0.08	-0.00	-0.02	0	32	168	27247
1.00	0.08	-0.00	-0.02	0	32	168	27279
1.00	0.08	-0.00	-0.02	0	39	158	27312
1.00	0.08	-0.00	-0.02	2	39	163	27344
1.00	0.08	-0.00	-0.02	0	40	156	27377
1.00	0.08	-0.00	-0.02	-3	37	161	27413
1.00	0.08	-0.00	-0.02	-5	37	160	27446
1.00	0.08	-0.00	-0.02	-1	38	157	27479
1.00	0.08	-0.00	-0.02	-1	39	159	27511
1.00	0.08	-0.00	-0.02	-2	39	159	27545
1.00	0.08	-0.00	-0.02	-3	35	156	27578
1.00	0.08	-0.00	-0.02	0	30	159	27611
1.00	0.08	-0.00	-0.02	0	30	159	27641
1.00	0.08	0.00	-0.02	-8	37	172	27674
1.00	0.08	0.00	-0.02	-4	34	170	27708
1.00	0.08	0.00	-0.02	-4	36	167	27741
1.00	0.08	0.00	-0.02	-3	37	164	27774
1.00	0.08	0.00	-0.02	-2	36	161	27806
1.00	0.08	0.00	-0.02	-6	37	164	27841
1.00	0.08	0.00	-0.02	-3	38	159	27875
1.00	0.08	0.00	-0.02	0	35	160	27908
1.00	0.08	0.00	-0.02	1	33	153	27940
1.00	0.08	0.00	-0.02	2	34	152	27973
1.00	0.08	0.00	-0.02	2	34	152	28004
1.00	0.08	-0.00	-0.02	2	27	165	28037
1.00	0.08	-0.00	-0.02	-1	29	164	28069
1.00	0.08	-0.00	-0.02	-2	31	160	28103
1.00	0.08	0.00	-0.02	-6	34	161	28136
1.00	0.08	0.00	-0.02	-3	35	164	28169
1.00	0.08	-0.00	-0.02	-5	35	165	28202
1.00	0.08	-0.00	-0.02	-3	34	165	28234
1.00	0.08	-0.00	-0.02	-1	35	170	28267
1.00	0.08	-0.00	-0.02	0	32	173	28303
1.00	0.08	-0.00	-0.02	0	34	173	28336
1.00	0.08	-0.00	-0.02	0	34	173	28367
1.00	0.08	-0.00	-0.02	-14	27	159	28400
1.00	0.08	0.00	-0.02	-12	32	153	28433
1.00	0.08	0.00	-0.02	-13	32	158	28466
1.00	0.08	0.00	-0.02	-8	32	163	28498
1.00	0.08	0.00	-0.02	-7	30	171	28531
1.00	0.08	0.00	-0.02	-9	31	170	28564
1.00	0.08	0.00	-0.02	-8	32	171	28597
1.00	0.08	0.00	-0.02	-12	29	174	28630
1.00	0.08	0.00	-0.02	-13	32	174	28662
1.00	0.08	0.00	-0.02	-6	32	175	28695
1.00	0.08	0.00	-0.02	-6	32	175	28729
1.00	0.08	0.00	-0.02	-2	36	157	28762
1.00	0.08	0.00	-0.02	-5	40	154	28795
1.00	0.08	0.00	-0.02	-7	38	153	28828
1.00	0.08	0.00	-0.02	-9	33	160	28861
1.00	0.08	0.00	-0.02	-9	33	157	28894
1.00	0.08	0.00	-0.02	-3	36	155	28927
1.00	0.08	0.00	-0.02	-2	36	154	28959
1.00	0.08	0.00	-0.02	-3	33	159	28992
1.00	0.08	0.00	-0.02	-1	34	157	29025
1.00	0.08	0.00	-0.02	2	31	164	29059
1.00	0.08	0.00	-0.02	2	31	164	29089
1.00	0.08	0.00	-0.02	-7	40	157	29122
1.00	0.08	0.00	-0.02	-6	39	163	29155
1.00	0.08	0.00	-0.02	-6	37	162	29186
1.00	0.08	0.00	-0.02	-7	40	159	29218
1.00	0.08	0.00	-0.02	-8	37	155	29252
1.00	0.08	0.00	-0.02	-7	36	157	29285
1.00	0.08	0.00	-0.02	-7	35	157	29318
1.00	0.08	0.00	-0.02	-2	33	159	29350
1.00	0.08	0.00	-0.02	-1	31	165	29383
1.00	0.08	0.00	-0.02	2	30	166	29416
1.00	0.08	0.00	-0.02	2	30	166	29448
1.00	0.08	0.00	-0.02	-2	34	156	29481
1.00	0.08	0.00	-0.02	-3	39	157	29513
1.00	0.08	0.00	-0.02	0	38	152	29546
1.00	0.08	0.00	-0.02	1	38	153	29579
1.00	0.08	0.00	-0.02	-4	37	156	29615
1.00	0.08	0.00	-0.02	-4	27	160	29647
1.00	0.08	0.00	-0.02	-3	28	159	29680
1.00	0.08	0.00	-0.02	-2	28	159	29713
1.00	0.08	0.00	-0.02	0	27	157	29747
1.00	0.08	0.00	-0.02	2	31	153	29780
1.00	0.08	0.00	-0.02	2	31	153	29810
1.00	0.08	0.00	-0.01	-6	43	167	29843
1.00	0.08	0.00	-0.01	-4	42	169	29877
1.00	0.08	0.00	-0.01	-3	39	166	29910
1.00	0.08	0.00	-0.01	-4	35	166	29942
1.00	0.08	0.00	-0.01	-6	36	165	29975
1.00	0.08	0.00	-0.01	-3	30	165	30008
1.00	0.08	0.00	-0.01	-3	30	165	34055
